Input Vector::(0, 0, 0, 0, 0)
Level[0](0, 0, 0, 0, 0) => [0, 0, 0, 0, 0]
##########################################################
Input Vector::(0, 0, 0, 0, 0)
Level[0](0, 0, 0, 0, 0) => [0, 0, 0, 0, 0]
##########################################################
Input Vector::(0, 0, 0, 0, 0)
Level[0](0, 0, 0, 0, 0) => [0, 0, 0, 0, 0]
##########################################################
Input Vector::(0, 0, 0, 0, 0)
Level[0](0, 0, 0, 0, 0) => [0, 0, 0, 0, 0]
##########################################################
Input Vector::(0, 0, 0, 0, 0)
Level[0](0, 0, 0, 0, 0) => [0, 0, 0, 0, 0]
##########################################################
Input Vector::(0, 0, 0, 0, 1)
Level[0](0, 0, 0, 0, 1) => [0, 0, 0, 0, 1]
##########################################################
Input Vector::(0, 0, 0, 0, 1)
Level[0](0, 0, 0, 0, 1) => [0, 0, 0, 0, 1]
##########################################################
Input Vector::(0, 0, 0, 0, 1)
Level[0](0, 0, 0, 0, 1) => [0, 0, 0, 0, 1]
##########################################################
Input Vector::(0, 0, 0, 0, 1)
Level[0](0, 0, 0, 0, 1) => [0, 0, 0, 0, 1]
##########################################################
Input Vector::(0, 0, 0, 0, 1)
Level[0](0, 0, 0, 0, 1) => [0, 0, 0, 0, 1]
##########################################################
Input Vector::(0, 0, 0, 1, 0)
Level[0](0, 0, 0, 1, 0) => [0, 0, 0, 1, 0]
##########################################################
Input Vector::(0, 0, 0, 1, 0)
Level[0](0, 0, 0, 1, 0) => [0, 0, 0, 1, 0]
##########################################################
Input Vector::(0, 0, 0, 1, 0)
Level[0](0, 0, 0, 1, 0) => [0, 0, 0, 1, 0]
##########################################################
Input Vector::(0, 0, 0, 1, 0)
Level[0](0, 0, 0, 1, 0) => [0, 0, 0, 1, 0]
##########################################################
Input Vector::(0, 0, 0, 1, 0)
Level[0](0, 0, 0, 1, 0) => [0, 0, 0, 1, 0]
##########################################################
Input Vector::(0, 0, 0, 1, 1)
Level[0](0, 0, 0, 1, 1) => [0, 0, 0, 1, 1]
##########################################################
Input Vector::(0, 0, 0, 1, 1)
Level[0](0, 0, 0, 1, 1) => [0, 0, 0, 1, 1]
##########################################################
Input Vector::(0, 0, 0, 1, 1)
Level[0](0, 0, 0, 1, 1) => [0, 0, 0, 1, 1]
##########################################################
Input Vector::(0, 0, 0, 1, 1)
Level[0](0, 0, 0, 1, 1) => [0, 0, 0, 1, 1]
##########################################################
Input Vector::(0, 0, 0, 1, 1)
Level[0](0, 0, 0, 1, 1) => [0, 0, 0, 1, 1]
##########################################################
Input Vector::(0, 0, 1, 0, 0)
Level[0](0, 0, 1, 0, 0) => [0, 0, 1, 0, 0]
##########################################################
Input Vector::(0, 0, 1, 0, 0)
Level[0](0, 0, 1, 0, 0) => [0, 0, 1, 0, 0]
##########################################################
Input Vector::(0, 0, 1, 0, 0)
Level[0](0, 0, 1, 0, 0) => [0, 0, 1, 0, 0]
##########################################################
Input Vector::(0, 0, 1, 0, 0)
Level[0](0, 0, 1, 0, 0) => [0, 0, 1, 0, 0]
##########################################################
Input Vector::(0, 0, 1, 0, 0)
Level[0](0, 0, 1, 0, 0) => [0, 0, 1, 0, 0]
##########################################################
Input Vector::(0, 0, 1, 0, 1)
Level[0](0, 0, 1, 0, 1) => [0, 0, 1, 0, 1]
##########################################################
Input Vector::(0, 0, 1, 0, 1)
Level[0](0, 0, 1, 0, 1) => [0, 0, 1, 0, 1]
##########################################################
Input Vector::(0, 0, 1, 0, 1)
Level[0](0, 0, 1, 0, 1) => [0, 0, 1, 0, 1]
##########################################################
Input Vector::(0, 0, 1, 0, 1)
Level[0](0, 0, 1, 0, 1) => [0, 0, 1, 0, 1]
##########################################################
Input Vector::(0, 0, 1, 0, 1)
Level[0](0, 0, 1, 0, 1) => [0, 0, 1, 0, 1]
##########################################################
Input Vector::(0, 0, 1, 1, 0)
Level[0](0, 0, 1, 1, 0) => [0, 0, 1, 1, 1]
##########################################################
Input Vector::(0, 0, 1, 1, 0)
Level[0](0, 0, 1, 1, 0) => [0, 0, 1, 1, 1]
##########################################################
Input Vector::(0, 0, 1, 1, 0)
Level[0](0, 0, 1, 1, 0) => [0, 0, 1, 1, 1]
##########################################################
Input Vector::(0, 0, 1, 1, 0)
Level[0](0, 0, 1, 1, 0) => [0, 0, 1, 1, 1]
##########################################################
Input Vector::(0, 0, 1, 1, 0)
Level[0](0, 0, 1, 1, 0) => [0, 0, 1, 1, 1]
##########################################################
Input Vector::(0, 0, 1, 1, 1)
Level[0](0, 0, 1, 1, 1) => [0, 0, 1, 1, 0]
##########################################################
Input Vector::(0, 0, 1, 1, 1)
Level[0](0, 0, 1, 1, 1) => [0, 0, 1, 1, 0]
##########################################################
Input Vector::(0, 0, 1, 1, 1)
Level[0](0, 0, 1, 1, 1) => [0, 0, 1, 1, 0]
##########################################################
Input Vector::(0, 0, 1, 1, 1)
Level[0](0, 0, 1, 1, 1) => [0, 0, 1, 1, 0]
##########################################################
Input Vector::(0, 0, 1, 1, 1)
Level[0](0, 0, 1, 1, 1) => [0, 0, 1, 1, 0]
##########################################################
Input Vector::(0, 1, 0, 0, 0)
Level[0](0, 1, 0, 0, 0) => [0, 1, 0, 0, 0]
##########################################################
Input Vector::(0, 1, 0, 0, 0)
Level[0](0, 1, 0, 0, 0) => [0, 1, 0, 0, 0]
##########################################################
Input Vector::(0, 1, 0, 0, 0)
Level[0](0, 1, 0, 0, 0) => [0, 1, 0, 0, 0]
##########################################################
Input Vector::(0, 1, 0, 0, 0)
Level[0](0, 1, 0, 0, 0) => [0, 1, 0, 0, 0]
##########################################################
Input Vector::(0, 1, 0, 0, 0)
Level[0](0, 1, 0, 0, 0) => [0, 1, 0, 0, 0]
##########################################################
Input Vector::(0, 1, 0, 0, 1)
Level[0](0, 1, 0, 0, 1) => [0, 1, 0, 0, 1]
##########################################################
Input Vector::(0, 1, 0, 0, 1)
Level[0](0, 1, 0, 0, 1) => [0, 1, 0, 0, 1]
##########################################################
Input Vector::(0, 1, 0, 0, 1)
Level[0](0, 1, 0, 0, 1) => [0, 1, 0, 0, 1]
##########################################################
Input Vector::(0, 1, 0, 0, 1)
Level[0](0, 1, 0, 0, 1) => [0, 1, 0, 0, 1]
##########################################################
Input Vector::(0, 1, 0, 0, 1)
Level[0](0, 1, 0, 0, 1) => [0, 1, 0, 0, 1]
##########################################################
Input Vector::(0, 1, 0, 1, 0)
Level[0](0, 1, 0, 1, 0) => [0, 1, 0, 1, 0]
##########################################################
Input Vector::(0, 1, 0, 1, 0)
Level[0](0, 1, 0, 1, 0) => [0, 1, 0, 1, 0]
##########################################################
Input Vector::(0, 1, 0, 1, 0)
Level[0](0, 1, 0, 1, 0) => [0, 1, 0, 1, 0]
##########################################################
Input Vector::(0, 1, 0, 1, 0)
Level[0](0, 1, 0, 1, 0) => [0, 1, 0, 1, 0]
##########################################################
Input Vector::(0, 1, 0, 1, 0)
Level[0](0, 1, 0, 1, 0) => [0, 1, 0, 1, 0]
##########################################################
Input Vector::(0, 1, 0, 1, 1)
Level[0](0, 1, 0, 1, 1) => [0, 1, 0, 1, 1]
##########################################################
Input Vector::(0, 1, 0, 1, 1)
Level[0](0, 1, 0, 1, 1) => [0, 1, 0, 1, 1]
##########################################################
Input Vector::(0, 1, 0, 1, 1)
Level[0](0, 1, 0, 1, 1) => [0, 1, 0, 1, 1]
##########################################################
Input Vector::(0, 1, 0, 1, 1)
Level[0](0, 1, 0, 1, 1) => [0, 1, 0, 1, 1]
##########################################################
Input Vector::(0, 1, 0, 1, 1)
Level[0](0, 1, 0, 1, 1) => [0, 1, 0, 1, 1]
##########################################################
Input Vector::(0, 1, 1, 0, 0)
Level[0](0, 1, 1, 0, 0) => [0, 1, 1, 0, 1]
##########################################################
Input Vector::(0, 1, 1, 0, 0)
Level[0](0, 1, 1, 0, 0) => [0, 1, 1, 0, 1]
##########################################################
Input Vector::(0, 1, 1, 0, 0)
Level[0](0, 1, 1, 0, 0) => [0, 1, 1, 0, 1]
##########################################################
Input Vector::(0, 1, 1, 0, 0)
Level[0](0, 1, 1, 0, 0) => [0, 1, 1, 0, 1]
##########################################################
Input Vector::(0, 1, 1, 0, 0)
Level[0](0, 1, 1, 0, 0) => [0, 1, 1, 0, 1]
##########################################################
Input Vector::(0, 1, 1, 0, 1)
Level[0](0, 1, 1, 0, 1) => [0, 1, 1, 0, 0]
##########################################################
Input Vector::(0, 1, 1, 0, 1)
Level[0](0, 1, 1, 0, 1) => [0, 1, 1, 0, 0]
##########################################################
Input Vector::(0, 1, 1, 0, 1)
Level[0](0, 1, 1, 0, 1) => [0, 1, 1, 0, 0]
##########################################################
Input Vector::(0, 1, 1, 0, 1)
Level[0](0, 1, 1, 0, 1) => [0, 1, 1, 0, 0]
##########################################################
Input Vector::(0, 1, 1, 0, 1)
Level[0](0, 1, 1, 0, 1) => [0, 1, 1, 0, 0]
##########################################################
Input Vector::(0, 1, 1, 1, 0)
Level[0](0, 1, 1, 1, 0) => [0, 1, 1, 1, 0]
##########################################################
Input Vector::(0, 1, 1, 1, 0)
Level[0](0, 1, 1, 1, 0) => [0, 1, 1, 1, 0]
##########################################################
Input Vector::(0, 1, 1, 1, 0)
Level[0](0, 1, 1, 1, 0) => [0, 1, 1, 1, 0]
##########################################################
Input Vector::(0, 1, 1, 1, 0)
Level[0](0, 1, 1, 1, 0) => [0, 1, 1, 1, 0]
##########################################################
Input Vector::(0, 1, 1, 1, 0)
Level[0](0, 1, 1, 1, 0) => [0, 1, 1, 1, 0]
##########################################################
Input Vector::(0, 1, 1, 1, 1)
Level[0](0, 1, 1, 1, 1) => [0, 1, 1, 1, 1]
##########################################################
Input Vector::(0, 1, 1, 1, 1)
Level[0](0, 1, 1, 1, 1) => [0, 1, 1, 1, 1]
##########################################################
Input Vector::(0, 1, 1, 1, 1)
Level[0](0, 1, 1, 1, 1) => [0, 1, 1, 1, 1]
##########################################################
Input Vector::(0, 1, 1, 1, 1)
Level[0](0, 1, 1, 1, 1) => [0, 1, 1, 1, 1]
##########################################################
Input Vector::(0, 1, 1, 1, 1)
Level[0](0, 1, 1, 1, 1) => [0, 1, 1, 1, 1]
##########################################################
Input Vector::(1, 0, 0, 0, 0)
Level[0](1, 0, 0, 0, 0) => [0, 0, 0, 0, 0]
##########################################################
Input Vector::(1, 0, 0, 0, 0)
Level[0](1, 0, 0, 0, 0) => [0, 0, 0, 0, 0]
##########################################################
Input Vector::(1, 0, 0, 0, 0)
Level[0](1, 0, 0, 0, 0) => [0, 0, 0, 0, 0]
##########################################################
Input Vector::(1, 0, 0, 0, 0)
Level[0](1, 0, 0, 0, 0) => [0, 0, 0, 0, 0]
##########################################################
Input Vector::(1, 0, 0, 0, 0)
Level[0](1, 0, 0, 0, 0) => [0, 0, 0, 0, 0]
##########################################################
Input Vector::(1, 0, 0, 0, 1)
Level[0](1, 0, 0, 0, 1) => [0, 0, 0, 0, 1]
##########################################################
Input Vector::(1, 0, 0, 0, 1)
Level[0](1, 0, 0, 0, 1) => [0, 0, 0, 0, 1]
##########################################################
Input Vector::(1, 0, 0, 0, 1)
Level[0](1, 0, 0, 0, 1) => [0, 0, 0, 0, 1]
##########################################################
Input Vector::(1, 0, 0, 0, 1)
Level[0](1, 0, 0, 0, 1) => [0, 0, 0, 0, 1]
##########################################################
Input Vector::(1, 0, 0, 0, 1)
Level[0](1, 0, 0, 0, 1) => [0, 0, 0, 0, 1]
##########################################################
Input Vector::(1, 0, 0, 1, 0)
Level[0](1, 0, 0, 1, 0) => [0, 0, 0, 1, 1]
##########################################################
Input Vector::(1, 0, 0, 1, 0)
Level[0](1, 0, 0, 1, 0) => [0, 0, 0, 1, 1]
##########################################################
Input Vector::(1, 0, 0, 1, 0)
Level[0](1, 0, 0, 1, 0) => [0, 0, 0, 1, 1]
##########################################################
Input Vector::(1, 0, 0, 1, 0)
Level[0](1, 0, 0, 1, 0) => [0, 0, 0, 1, 1]
##########################################################
Input Vector::(1, 0, 0, 1, 0)
Level[0](1, 0, 0, 1, 0) => [0, 0, 0, 1, 1]
##########################################################
Input Vector::(1, 0, 0, 1, 1)
Level[0](1, 0, 0, 1, 1) => [0, 0, 0, 1, 0]
##########################################################
Input Vector::(1, 0, 0, 1, 1)
Level[0](1, 0, 0, 1, 1) => [0, 0, 0, 1, 0]
##########################################################
Input Vector::(1, 0, 0, 1, 1)
Level[0](1, 0, 0, 1, 1) => [0, 0, 0, 1, 0]
##########################################################
Input Vector::(1, 0, 0, 1, 1)
Level[0](1, 0, 0, 1, 1) => [0, 0, 0, 1, 0]
##########################################################
Input Vector::(1, 0, 0, 1, 1)
Level[0](1, 0, 0, 1, 1) => [0, 0, 0, 1, 0]
##########################################################
Input Vector::(1, 0, 1, 0, 0)
Level[0](1, 0, 1, 0, 0) => [0, 0, 1, 0, 0]
##########################################################
Input Vector::(1, 0, 1, 0, 0)
Level[0](1, 0, 1, 0, 0) => [0, 0, 1, 0, 0]
##########################################################
Input Vector::(1, 0, 1, 0, 0)
Level[0](1, 0, 1, 0, 0) => [0, 0, 1, 0, 0]
##########################################################
Input Vector::(1, 0, 1, 0, 0)
Level[0](1, 0, 1, 0, 0) => [0, 0, 1, 0, 0]
##########################################################
Input Vector::(1, 0, 1, 0, 0)
Level[0](1, 0, 1, 0, 0) => [0, 0, 1, 0, 0]
##########################################################
Input Vector::(1, 0, 1, 0, 1)
Level[0](1, 0, 1, 0, 1) => [0, 0, 1, 0, 1]
##########################################################
Input Vector::(1, 0, 1, 0, 1)
Level[0](1, 0, 1, 0, 1) => [0, 0, 1, 0, 1]
##########################################################
Input Vector::(1, 0, 1, 0, 1)
Level[0](1, 0, 1, 0, 1) => [0, 0, 1, 0, 1]
##########################################################
Input Vector::(1, 0, 1, 0, 1)
Level[0](1, 0, 1, 0, 1) => [0, 0, 1, 0, 1]
##########################################################
Input Vector::(1, 0, 1, 0, 1)
Level[0](1, 0, 1, 0, 1) => [0, 0, 1, 0, 1]
##########################################################
Input Vector::(1, 0, 1, 1, 0)
Level[0](1, 0, 1, 1, 0) => [0, 0, 1, 1, 0]
##########################################################
Input Vector::(1, 0, 1, 1, 0)
Level[0](1, 0, 1, 1, 0) => [0, 0, 1, 1, 0]
##########################################################
Input Vector::(1, 0, 1, 1, 0)
Level[0](1, 0, 1, 1, 0) => [0, 0, 1, 1, 0]
##########################################################
Input Vector::(1, 0, 1, 1, 0)
Level[0](1, 0, 1, 1, 0) => [0, 0, 1, 1, 0]
##########################################################
Input Vector::(1, 0, 1, 1, 0)
Level[0](1, 0, 1, 1, 0) => [0, 0, 1, 1, 0]
##########################################################
Input Vector::(1, 0, 1, 1, 1)
Level[0](1, 0, 1, 1, 1) => [0, 0, 1, 1, 1]
##########################################################
Input Vector::(1, 0, 1, 1, 1)
Level[0](1, 0, 1, 1, 1) => [0, 0, 1, 1, 1]
##########################################################
Input Vector::(1, 0, 1, 1, 1)
Level[0](1, 0, 1, 1, 1) => [0, 0, 1, 1, 1]
##########################################################
Input Vector::(1, 0, 1, 1, 1)
Level[0](1, 0, 1, 1, 1) => [0, 0, 1, 1, 1]
##########################################################
Input Vector::(1, 0, 1, 1, 1)
Level[0](1, 0, 1, 1, 1) => [0, 0, 1, 1, 1]
##########################################################
Input Vector::(1, 1, 0, 0, 0)
Level[0](1, 1, 0, 0, 0) => [0, 1, 0, 0, 1]
##########################################################
Input Vector::(1, 1, 0, 0, 0)
Level[0](1, 1, 0, 0, 0) => [0, 1, 0, 0, 1]
##########################################################
Input Vector::(1, 1, 0, 0, 0)
Level[0](1, 1, 0, 0, 0) => [0, 1, 0, 0, 1]
##########################################################
Input Vector::(1, 1, 0, 0, 0)
Level[0](1, 1, 0, 0, 0) => [0, 1, 0, 0, 1]
##########################################################
Input Vector::(1, 1, 0, 0, 0)
Level[0](1, 1, 0, 0, 0) => [0, 1, 0, 0, 1]
##########################################################
Input Vector::(1, 1, 0, 0, 1)
Level[0](1, 1, 0, 0, 1) => [0, 1, 0, 0, 0]
##########################################################
Input Vector::(1, 1, 0, 0, 1)
Level[0](1, 1, 0, 0, 1) => [0, 1, 0, 0, 0]
##########################################################
Input Vector::(1, 1, 0, 0, 1)
Level[0](1, 1, 0, 0, 1) => [0, 1, 0, 0, 0]
##########################################################
Input Vector::(1, 1, 0, 0, 1)
Level[0](1, 1, 0, 0, 1) => [0, 1, 0, 0, 0]
##########################################################
Input Vector::(1, 1, 0, 0, 1)
Level[0](1, 1, 0, 0, 1) => [0, 1, 0, 0, 0]
##########################################################
Input Vector::(1, 1, 0, 1, 0)
Level[0](1, 1, 0, 1, 0) => [0, 1, 0, 1, 0]
##########################################################
Input Vector::(1, 1, 0, 1, 0)
Level[0](1, 1, 0, 1, 0) => [0, 1, 0, 1, 0]
##########################################################
Input Vector::(1, 1, 0, 1, 0)
Level[0](1, 1, 0, 1, 0) => [0, 1, 0, 1, 0]
##########################################################
Input Vector::(1, 1, 0, 1, 0)
Level[0](1, 1, 0, 1, 0) => [0, 1, 0, 1, 0]
##########################################################
Input Vector::(1, 1, 0, 1, 0)
Level[0](1, 1, 0, 1, 0) => [0, 1, 0, 1, 0]
##########################################################
Input Vector::(1, 1, 0, 1, 1)
Level[0](1, 1, 0, 1, 1) => [0, 1, 0, 1, 1]
##########################################################
Input Vector::(1, 1, 0, 1, 1)
Level[0](1, 1, 0, 1, 1) => [0, 1, 0, 1, 1]
##########################################################
Input Vector::(1, 1, 0, 1, 1)
Level[0](1, 1, 0, 1, 1) => [0, 1, 0, 1, 1]
##########################################################
Input Vector::(1, 1, 0, 1, 1)
Level[0](1, 1, 0, 1, 1) => [0, 1, 0, 1, 1]
##########################################################
Input Vector::(1, 1, 0, 1, 1)
Level[0](1, 1, 0, 1, 1) => [0, 1, 0, 1, 1]
##########################################################
Input Vector::(1, 1, 1, 0, 0)
Level[0](1, 1, 1, 0, 0) => [0, 1, 1, 0, 0]
##########################################################
Input Vector::(1, 1, 1, 0, 0)
Level[0](1, 1, 1, 0, 0) => [0, 1, 1, 0, 0]
##########################################################
Input Vector::(1, 1, 1, 0, 0)
Level[0](1, 1, 1, 0, 0) => [0, 1, 1, 0, 0]
##########################################################
Input Vector::(1, 1, 1, 0, 0)
Level[0](1, 1, 1, 0, 0) => [0, 1, 1, 0, 0]
##########################################################
Input Vector::(1, 1, 1, 0, 0)
Level[0](1, 1, 1, 0, 0) => [0, 1, 1, 0, 0]
##########################################################
Input Vector::(1, 1, 1, 0, 1)
Level[0](1, 1, 1, 0, 1) => [0, 1, 1, 0, 1]
##########################################################
Input Vector::(1, 1, 1, 0, 1)
Level[0](1, 1, 1, 0, 1) => [0, 1, 1, 0, 1]
##########################################################
Input Vector::(1, 1, 1, 0, 1)
Level[0](1, 1, 1, 0, 1) => [0, 1, 1, 0, 1]
##########################################################
Input Vector::(1, 1, 1, 0, 1)
Level[0](1, 1, 1, 0, 1) => [0, 1, 1, 0, 1]
##########################################################
Input Vector::(1, 1, 1, 0, 1)
Level[0](1, 1, 1, 0, 1) => [0, 1, 1, 0, 1]
##########################################################
Input Vector::(1, 1, 1, 1, 0)
Level[0](1, 1, 1, 1, 0) => [0, 1, 1, 1, 0]
##########################################################
Input Vector::(1, 1, 1, 1, 0)
Level[0](1, 1, 1, 1, 0) => [0, 1, 1, 1, 0]
##########################################################
Input Vector::(1, 1, 1, 1, 0)
Level[0](1, 1, 1, 1, 0) => [0, 1, 1, 1, 0]
##########################################################
Input Vector::(1, 1, 1, 1, 0)
Level[0](1, 1, 1, 1, 0) => [0, 1, 1, 1, 0]
##########################################################
Input Vector::(1, 1, 1, 1, 0)
Level[0](1, 1, 1, 1, 0) => [0, 1, 1, 1, 0]
##########################################################
Input Vector::(1, 1, 1, 1, 1)
Level[0](1, 1, 1, 1, 1) => [0, 1, 1, 1, 1]
##########################################################
Input Vector::(1, 1, 1, 1, 1)
Level[0](1, 1, 1, 1, 1) => [0, 1, 1, 1, 1]
##########################################################
Input Vector::(1, 1, 1, 1, 1)
Level[0](1, 1, 1, 1, 1) => [0, 1, 1, 1, 1]
##########################################################
Input Vector::(1, 1, 1, 1, 1)
Level[0](1, 1, 1, 1, 1) => [0, 1, 1, 1, 1]
##########################################################
Input Vector::(1, 1, 1, 1, 1)
Level[0](1, 1, 1, 1, 1) => [0, 1, 1, 1, 1]
##########################################################
