+-------+--------+--------+--------+--------+--------+--------+--------+--------+--------+--------+---------+---------+---------+---------+---------+--------+
| Input | Level0 | Level1 | Level2 | Level3 | Level4 | Level5 | Level6 | Level7 | Level8 | Level9 | Level10 | Level11 | Level12 | Level13 | Level14 | Output |
+-------+--------+--------+--------+--------+--------+--------+--------+--------+--------+--------+---------+---------+---------+---------+---------+--------+
| 0000  | 0000   | 0000   | 0000   | 0000   | 0000   | 0000   | 0000   | 0000   | 0100   | 0110   | 0110    | 0110    | 1110    | 1010    | 1000    | 1000   |
+-------+--------+--------+--------+--------+--------+--------+--------+--------+--------+--------+---------+---------+---------+---------+---------+--------+
| 0001  | 0001   | 0001   | 1001   | 1001   | 1101   | 1101   | 1101   | 1101   | 1001   | 1011   | 1010    | 1010    | 1010    | 1110    | 1100    | 1100   |
+-------+--------+--------+--------+--------+--------+--------+--------+--------+--------+--------+---------+---------+---------+---------+---------+--------+
| 0010  | 0010   | 0011   | 1011   | 1011   | 1111   | 1011   | 1011   | 0011   | 0111   | 0101   | 0101    | 0111    | 1111    | 1011    | 1001    | 1001   |
+-------+--------+--------+--------+--------+--------+--------+--------+--------+--------+--------+---------+---------+---------+---------+---------+--------+
| 0011  | 0011   | 0010   | 0010   | 0010   | 0010   | 0010   | 0010   | 1010   | 1110   | 1100   | 1101    | 1111    | 0111    | 0111    | 0101    | 0101   |
+-------+--------+--------+--------+--------+--------+--------+--------+--------+--------+--------+---------+---------+---------+---------+---------+--------+
| 0100  | 0100   | 0100   | 0100   | 0100   | 0100   | 0100   | 0100   | 0100   | 0000   | 0010   | 0010    | 0010    | 0010    | 0010    | 0000    | 0000   |
+-------+--------+--------+--------+--------+--------+--------+--------+--------+--------+--------+---------+---------+---------+---------+---------+--------+
| 0101  | 0101   | 0101   | 1101   | 1111   | 1011   | 1111   | 1110   | 0110   | 0010   | 0000   | 0000    | 0000    | 0000    | 0000    | 0010    | 0010   |
+-------+--------+--------+--------+--------+--------+--------+--------+--------+--------+--------+---------+---------+---------+---------+---------+--------+
| 0110  | 0110   | 0111   | 1111   | 1101   | 1001   | 1001   | 1001   | 1001   | 1101   | 1111   | 1110    | 1110    | 0110    | 0110    | 0100    | 0100   |
+-------+--------+--------+--------+--------+--------+--------+--------+--------+--------+--------+---------+---------+---------+---------+---------+--------+
| 0111  | 0111   | 0110   | 0110   | 0110   | 0110   | 0110   | 0110   | 1110   | 1010   | 1000   | 1001    | 1001    | 1001    | 1001    | 1011    | 1011   |
+-------+--------+--------+--------+--------+--------+--------+--------+--------+--------+--------+---------+---------+---------+---------+---------+--------+
| 1000  | 1010   | 1011   | 0011   | 0011   | 0011   | 0111   | 0111   | 1111   | 1011   | 1001   | 1000    | 1000    | 1000    | 1000    | 1010    | 1010   |
+-------+--------+--------+--------+--------+--------+--------+--------+--------+--------+--------+---------+---------+---------+---------+---------+--------+
| 1001  | 1011   | 1010   | 1010   | 1010   | 1110   | 1110   | 1111   | 0111   | 0011   | 0001   | 0001    | 0001    | 0001    | 0001    | 0011    | 0011   |
+-------+--------+--------+--------+--------+--------+--------+--------+--------+--------+--------+---------+---------+---------+---------+---------+--------+
| 1010  | 1000   | 1000   | 1000   | 1000   | 1100   | 1100   | 1100   | 1100   | 1000   | 1010   | 1011    | 1011    | 1011    | 1111    | 1101    | 1101   |
+-------+--------+--------+--------+--------+--------+--------+--------+--------+--------+--------+---------+---------+---------+---------+---------+--------+
| 1011  | 1001   | 1001   | 0001   | 0001   | 0001   | 0001   | 0001   | 0001   | 0101   | 0111   | 0111    | 0101    | 0101    | 0101    | 0111    | 0111   |
+-------+--------+--------+--------+--------+--------+--------+--------+--------+--------+--------+---------+---------+---------+---------+---------+--------+
| 1100  | 1110   | 1111   | 0111   | 0101   | 0101   | 0101   | 0101   | 0101   | 0001   | 0011   | 0011    | 0011    | 0011    | 0011    | 0001    | 0001   |
+-------+--------+--------+--------+--------+--------+--------+--------+--------+--------+--------+---------+---------+---------+---------+---------+--------+
| 1101  | 1111   | 1110   | 1110   | 1110   | 1010   | 1010   | 1010   | 0010   | 0110   | 0100   | 0100    | 0100    | 0100    | 0100    | 0110    | 0110   |
+-------+--------+--------+--------+--------+--------+--------+--------+--------+--------+--------+---------+---------+---------+---------+---------+--------+
| 1110  | 1100   | 1100   | 1100   | 1100   | 1000   | 1000   | 1000   | 1000   | 1100   | 1110   | 1111    | 1101    | 1101    | 1101    | 1111    | 1111   |
+-------+--------+--------+--------+--------+--------+--------+--------+--------+--------+--------+---------+---------+---------+---------+---------+--------+
| 1111  | 1101   | 1101   | 0101   | 0111   | 0111   | 0011   | 0011   | 1011   | 1111   | 1101   | 1100    | 1100    | 1100    | 1100    | 1110    | 1110   |
+-------+--------+--------+--------+--------+--------+--------+--------+--------+--------+--------+---------+---------+---------+---------+---------+--------+